/home/gabi/Coding/SuperShootTheBullet2/Extracted/extractedUS/Dr2/data/us/bin/kokoro_09_001.dat
   300      9      0      0      0     -1     -1      0 
     0    210      0      3      3    210    240    160 
     0      0     60    120      0      0      0      1 
     4    666      0     -1     10     99      0      1 
     0      0      0      0      1      0      0     -1 
    -1      0      0    210      0      3      3    210 
   270    180     30    280    100    100      0    -10 
     5      1      2    652      0     -1     10     99 
     0      1      0      0      0      0      2      0 
     0     -1     -1      0      0    210      0      3 
     3    210    200    160     50     90    105    100 
     0      0      0      1      3    667      0     -1 
    10     99      0      1      0      0      0      0 
     3      0      0    180     -1      0      0    210 
     0      3      3    210    240    240     60      0 
    85    100      0      0      0      1      5    680 
     0     -1     10     99      0      1      0      0 
     0      0      4      0      0     -1     -1      0 
     0    210      0      3      3    210    200    130 
    25     90    105    100      0    -20     10      1 
    15    670      0     -1     10     99      0      1 
     0      0      0      0      5      0      0     -1 
    -1      0      0    210      0      3      3    210 
   290    160     45    290     90    100      0     20 
     0      1     26    661      0     -1     10     99 
     0      1      0      0      0      0      6      0 
     0    181     -1      0      0    210      0      3 
     3    210    240     30     70    180    115    100 
     0      0      0      1     16    668      0     -1 
    10     99      0      1      0      0      0      0 
     7      0      0     -1     -1      0      0    210 
     0      3      3    210    270    150     40    260 
   110    100      0    -10      0      1     14    666 
     0     -1     10     99      0      1      0      0 
     0      0      8      0      0     -1     -1      0 
     0    210      0      3      3    210    220    180 
    15     90    120    100      1    -10      5      1 
    18    681      0     -1     10     99      0      1 
     0      0      0      0 

/home/gabi/Coding/SuperShootTheBullet2/Extracted/extractedUS/Dr2/data/us/bin/kokoro_09_002.dat
   300      9      0      0      0     -1     -1      0 
     0    210      0      3      3    210    120    100 
    30    110     80    100      0     20     -5      2 
     0    666      0     -1     10     99      0      2 
     0      0      0      0      1      0      0     -1 
    -1      0      0    210      0      3      3    210 
   360    120     30    250     90    100      0    -20 
     5      2      4    652      0     -1     10     99 
     0      2      0      0      0      0      2      0 
     0     -1     -1      0      0    210      0      3 
     3    210    120    140     30    110    100    100 
     0     20     -5      2      5    667      0     -1 
    10     99      0      2      0      0      0      0 
     3      0      0     -1     -1      0      0    210 
     0      3      3    210    360    160     30    250 
   110    100      0    -20      5      2      9    680 
     0     -1     10     99      0      2      0      0 
     0      0      4      0      0    181     -1      0 
     0    210      0      3      3    210    240    240 
    60      0    100    100      0      0      0      2 
    10    670      0     -1     10     99      0      2 
     0      0      0      0      5      0      0     -1 
    -1      0      0    210      0      3      3    210 
   260    130     45    270     90    100      0      0 
     0      2      0    661      0     -1     10     99 
     0      2      0      0      0      0      6      0 
     0     -1     -1      0      0    210      0      3 
     3    210    220    180     60     90    105    100 
     0      0      0      2      1    668      0     -1 
    10     99      0      2      0      0      0      0 
     7      0      0     -1     -1      0      0    210 
     0      3      3    210    280    140     30    270 
   110    100      0      0      0      2      8    666 
     0     -1     10     99      0      2      0      0 
     0      0      8      0      0    180     -1      0 
     0    210      0      3      3    210    200    150 
    30     90    100    100      0      0      0      2 
     9    681      0     -1     10     99      0      2 
     0      0      0      0 

/home/gabi/Coding/SuperShootTheBullet2/Extracted/extractedUS/Dr2/data/us/bin/kokoro_09_003.dat
   300      9      0      0      0     -1     -1      0 
     0    210      0      3      3    210    200    130 
    20     90    130    100      0      0      0      3 
     3    666      0     -1     10     99      0      3 
     0      0      0      0      1      0      0     -1 
    -1      0      0    210      0      3      3    210 
   220    180     30    300    105    100      0     30 
     5      3      2    652      0     -1     10     99 
     0      3      0      0      0      0      2      0 
     0     -1     -1      0      0    210      0      3 
     3    210    150    160     50     90    115    100 
     0      0      0      3      1    667      0     -1 
    10     99      0      3      0      0      0      0 
     3      0      0    181     -1      0      0    210 
     0      3      3    210    240    150      0      0 
    80    110      0     60    -30      3      4    680 
     0     -1     10     99      0      3      0      0 
     0      0      4      0      0     -1     -1      0 
     0    210      0      3      3    210    160     40 
    40    180    100    100      0      0      0      3 
     2    670      0     -1     10     99      0      3 
     0      0      0      0      5      0      0     -1 
    -1      0      0    210      0      3      3    210 
   320     40     40    180     90    100      0      0 
     0      3      4    661      0     -1     10     99 
     0      3      0      0      0      0      6      0 
     0     -1     -1      0      0    210      0      3 
     3    210    120     70     60    120    105    100 
     0     30      0      3      3    668      0     -1 
    10     99      0      3      0      0      0      0 
     7      0      0    180     -1      0      0    210 
     0      3      3    210    360     70     60    240 
   100    100      0    -30      0      3     12    666 
     0     -1     10     99      0      3      0      0 
     0      0      8      0      0     -1     -1      0 
     0    210      0      3      3    210    240    180 
    15      0     95    110      1      0      0      3 
    10    681      0     -1     10     99      0      3 
     0      0      0      0 

/home/gabi/Coding/SuperShootTheBullet2/Extracted/extractedUS/Dr2/data/us/bin/kokoro_09_004.dat
   300      9      0      0      0     -1     -1      0 
     0    210      0      3      3    210    240    230 
    40      0     90    100      0      0      0      4 
    15    666      0     -1     10     99      0      4 
     0      0      0      0      1      0      0     -1 
    -1      0      0    210      0      3      3    210 
   360    160     30    270    115    100      0      0 
     0      4      3    652      0     -1     10     99 
     0      4      0      0      0      0      2      0 
     0    181     -1      0      0    210      0      3 
     3    210    240     20     50    180    115    100 
     1     20    -10      4     12    667      0     -1 
    10     99      0      4      0      0      0      0 
     3      0      0     -1     -1      0      0    210 
     0      3      3    210    240    100      5    180 
    60    120      0      0      0      4     14    680 
     0     -1     10     99      0      4      0      0 
     0      0      4      0      0     -1     -1      0 
     0    210      0      3      3    210    240    240 
    60      0    120    100      0      0      0      4 
     7    670      0     -1     10     99      0      4 
     0      0      0      0      5      0      0     -1 
    -1      0      0    210      0      3      3    210 
   280    170     45    290     90    100      0     20 
     0      4      3    661      0     -1     10     99 
     0      4      0      0      0      0      6      0 
     0    181     -1      0      0    210      0      3 
     3    210    200    170     45     70     95    100 
     0    -20      0      4      4    668      0     -1 
    10     99      0      4      0      0      0      0 
     7      0      0     -1     -1      0      0    210 
     0      3      3    210    240    150      0      0 
    80    110      0      0      0      4     11    666 
     0     -1     10     99      0      4      0      0 
     0      0      8      0      0     -1     -1      0 
     0    210      0      3      3    210    240     80 
    30    180     80    130      1      0      0      4 
    15    681      0     -1     10     99      0      4 
     0      0      0      0 

/home/gabi/Coding/SuperShootTheBullet2/Extracted/extractedUS/Dr2/data/us/bin/kokoro_09_005.dat
   300      9      0      0      0     -1     -1      0 
     0    210      0      3      3    210    180    190 
    30     90    115    100      0    -10      5      5 
     4    666      0     -1     10     99      0      5 
     0      0      0      0      1      0      0     -1 
    -1      0      0    210      0      3      3    210 
   300    190     30    270    115    100      0     10 
    -5      5      3    652      0     -1     10     99 
     0      5      0      0      0      0      2      0 
     0     -1     -1      0      0    210      0      3 
     3    210    240     60      5      0     80    100 
     0      0      0      5     13    667      0     -1 
    10     99      0      5      0      0      0      0 
     3      0      0    181     -1      0      0    210 
     0      3      3    210    240     10     80    180 
   110    100      1      0    -25      5      6    680 
     0     -1     10     99      0      5      0      0 
     0      0      4      0      0     -1     -1      0 
     0    210      0      3      3    210    240    200 
     5      0     80    100      0      0      0      5 
     8    670      0     -1     10     99      0      5 
     0      0      0      0      5      0      0     -1 
    -1      0      0    210      0      3      3    210 
   160     40     10     90     70    115      0      0 
     0      5     12    661      0     -1     10     99 
     0      5      0      0      0      0      6      0 
     0     -1     -1      0      0    210      0      1 
     3    210    330    200     10    270     70    110 
     1      0      0      5      9    668      0     -1 
    10     99      0      5      0      0      0      0 
     7      0      0    180     -1      0      0    210 
     0      3      3    210    200    180      5    180 
    90    105      0     20     -5      5     12    666 
     0     -1     10     99      0      5      0      0 
     0      0      8      0      0     -1     -1      0 
     0    210      0      3      3    210    310    190 
     5      0     90    110      0    -20      5      5 
    21    681      0     -1     10     99      0      5 
     0      0      0      0 

/home/gabi/Coding/SuperShootTheBullet2/Extracted/extractedUS/Dr2/data/us/bin/kokoro_09_006.dat
   300      9      0      0      0     -1     -1      0 
     0    280      0      3      3    280    180    250 
    50      0    100    100      0     90    -20      6 
    10    666      0     -1     10     99      1      6 
     0      0      0      0      1      0      0     -1 
    -1      0      0    210      0      3      3    210 
   100     50     30     90    105    100      0      0 
     0      6      3    652      0     -1     10     99 
     0      6      0      0      0      0      2      0 
     0     -1     -1      0      0    210      0      3 
     3    210    380     20     30    180    110    100 
     0     90    -25      6      9    667      0     -1 
    10     99      1      6      0      0      0      0 
     3      0      0    181     -1      0      0    210 
     0      3      3    210    380    220     30    270 
    95    100      0      0      0      6     11    680 
     0     -1     10     99      0      6      0      0 
     0      0      4      0      0     -1     -1      0 
     0    210      0      3      3    210    240    140 
     5    180     70    120      1    -20     10      6 
     8    670      0     -1     10     99      0      6 
     0      0      0      0      5      0      0     -1 
    -1      0      0    210      0      3      3    210 
   140    180     60     90     90    100      0      0 
     0      6      2    661      0     -1     10     99 
     0      6      0      0      0      0      6      0 
     0     -1     -1      0      0    210      0      3 
     3    210    340    180     60    270    115    100 
     0      0      0      6      3    668      0     -1 
    10     99      0      6      0      0      0      0 
     7      0      0    180     -1      0      0    210 
     0      3      3    210    240    240     30      0 
   100    100      0      0      0      6     12    666 
     0     -1     10     99      0      6      0      0 
     0      0      8      0      0     -1     -1      0 
     0    210      0      3      3    210    240    240 
    30      0    110    100      0      0      0      6 
     2    681      0     -1     10     99      0      6 
     0      0      0      0 

/home/gabi/Coding/SuperShootTheBullet2/Extracted/extractedUS/Dr2/data/us/bin/kokoro_09_007.dat
   300      9      0      0      0     -1     -1      0 
     0    210      0      0      3    210    261     54 
     5     20     60    120      0      0      0      7 
     7    666      0     -1     10     99      0      7 
     0      0      0      0      1      0      0     -1 
    -1      0      0    280      2      3      3    280 
   320     80     30    180    100    100      0     90 
   -20      7     19    652      0     -1     10     99 
     1      7      0      0      0      0      2      0 
     0     -1     -1      0      0    210      0      0 
     3    210    299    120     20    100     60    120 
     0      0      0      7      8    667      0     -1 
    10     99      0      7      0      0      0      0 
     3      0      0    181     -1      0      0    210 
     0      0      3    210    279    156     20    140 
    60    120      0      0      0      7     11    680 
     0     -1     10     99      0      7      0      0 
     0      0      4      0      0     -1     -1      0 
     0    210      0      0      3    210    240    170 
    20    180     60    120      0      0      0      7 
     7    670      0     -1     10     99      0      7 
     0      0      0      0      5      0      0     -1 
    -1      0      0    210      0      0      3    210 
   201    156     20    220     60    120      0      0 
     0      7     12    661      0     -1     10     99 
     0      7      0      0      0      0      6      0 
     0    180     -1      0      0    280      2      3 
     3    280    160    200     30      0     80    100 
     0     90    -20      7     17    668      0     -1 
    10     99      1      7      0      0      0      0 
     7      0      0     -1     -1      0      0    210 
     0      0      3    210    188     80     20    300 
    60    120      0      0      0      7      6    666 
     0     -1     10     99      0      7      0      0 
     0      0      8      0      0     -1     -1      0 
     0    210      0      0      3    210    219     54 
     5    340     60    120      0      0      0      7 
    19    681      0     -1     10     99      0      7 
     0      0      0      0 

/home/gabi/Coding/SuperShootTheBullet2/Extracted/extractedUS/Dr2/data/us/bin/kokoro_09_008.dat
   300      9      0      0      0     -1     -1      0 
     0    210      0      3      3    210    120    210 
    50     60     80    110      0    -30      0      8 
    11    666      0     -1     10     99      0      8 
     0      0      0      0      1      0      0     -1 
    -1      0      0    210      0      3      3    210 
   120     70     50    120     80    110      0     30 
     0      8     13    652      0     -1     10     99 
     0      8      0      0      0      0      2      0 
     0     -1     -1      0      0    210      0      3 
     3    210    360     70     60    240     80    110 
     0    -30      0      8     12    667      0     -1 
    10     99      0      8      0      0      0      0 
     3      0      0    181     -1      0      0    210 
     0      3      3    210    360    210     60    300 
    70    110      0     30      0      8     24    680 
     0     -1     10     99      0      8      0      0 
     0      0      4      0      0     -1     -1      0 
     0    210      0      3      3    210    240     80 
    30    180     80    100      0      0      0      8 
    11    670      0     -1     10     99      0      8 
     0      0      0      0      5      0      0     -1 
    -1      0      0    210      0      3      3    210 
   240    150      5      0     90    110      0      0 
     0      8      3    661      0     -1     10     99 
     0      8      0      0      0      0      6      0 
     0     -1     -1      0      0    210      0      3 
     3    210    120    240     50      0    100    100 
     0     45    -15      8     13    668      0     -1 
    10     99      1      8      0      0      0      0 
     7      0      0    180     -1      0      0    210 
     0      3      3    210    360    240     50      0 
    80    100      0     45    -15      8     21    666 
     0     -1     10     99      1      8      0      0 
     0      0      8      0      0     -1     -1      0 
     0    210      0      3      3    210    240    130 
     5    180     80    120      0     20    -10      8 
    18    681      0     -1     10     99      0      8 
     0      0      0      0 

/home/gabi/Coding/SuperShootTheBullet2/Extracted/extractedUS/Dr2/data/us/bin/kokoro_09_009.dat
   300      9      0      0      0     -1     -1      0 
     0    210      0      0      0    210    120     70 
     0      0     60    130      1      0      0      9 
     1    666      0     -1     10     99      0      9 
     0      0      0      0      1      0      0     -1 
    -1      0      0    210      0      0      0    210 
   360    180      0      0     90    150      1      0 
     0      9      5    652      0     -1     10     99 
     0      9      0      0      0      0      2      0 
     0     -1     -1      0      0    210      0      3 
     3    210    160    160     50     90    115    100 
     0      0      0      9      9    667      0     -1 
    10     99      0      9      0      0      0      0 
     3      0      0     -1     -1      0      0    210 
     0      3      3    210    290    130     15    260 
    95    100      0    -10      0      9      8    680 
     0     -1     10     99      0      9      0      0 
     0      0      4      0      0    181     -1      0 
     0    210      0      3      3    210    160    180 
    50     80    115    100      0    -10      0      9 
    16    670      0     -1     10     99      0      9 
     0      0      0      0      5      0      0     -1 
    -1      0      0    280      0      3      3    280 
   290    200     45    290     90    100      0     20 
     0      9      2    661      0     -1     10     99 
     0      9      0      0      0      0      6      0 
     0     -1     -1      0      0    260      0      3 
     3    260    120    240     40     20     90    100 
     0     90    -20      9      8    668      0     -1 
    10     99      1      9      0      0      0      0 
     7      0      0    180     -1      0      0    210 
     0      3      3    210    300    150     40    270 
   110    100      0      0      0      9     12    666 
     0     -1     10     99      0      9      0      0 
     0      0      8      0      0     -1     -1      0 
     0    280      0      3      3    280    360     70 
    30    210     90    100      0    270     20      9 
     9    681      0     -1     10     99      1      9 
     0      0      0      0 

/home/gabi/Coding/SuperShootTheBullet2/Extracted/extractedUS/Dr2/data/us/bin/kokoro_09_010.dat
   300      9      0      0      0     -1     -1      0 
     0    210      0      3      3    210    240    150 
     5    180     80    110      0      0      0     10 
     4    666      0     -1     10     99      0     10 
     0      0      0      0      1      0      0     -1 
    -1      0      0    210      0      3      3    210 
   300    180     30    280    100    100      0     10 
    -5     10      2    652      0     -1     10     99 
     0     10      0      0      0      0      2      0 
     0    181     -1      0      0    210      0      3 
     3    210    200     40     60    160    100    100 
     0     20      0     10     13    667      0     -1 
    10     99      0     10      0      0      0      0 
     3      0      0     -1     -1      0      0    210 
     0      3      3    210    310    140     30    260 
    90    100      0    -10      0     10     14    680 
     0     -1     10     99      0     10      0      0 
     0      0      4      0      0     -1     -1      0 
     0    210      0      3      3    210    120    170 
    60     90     90    110      0     10      0     10 
     9    670      0     -1     10     99      0     10 
     0      0      0      0      5      0      0     -1 
    -1      0      0    210      0      3      3    210 
   360    170     60    270     90    110      0    -10 
     0     10      9    661      0     -1     10     99 
     0     10      0      0      0      0      6      0 
     0     -1     -1      0      0    210      0      3 
     3    210    240    150      5      0     90    120 
     0      0      0     10     13    668      0     -1 
    10     99      0     10      0      0      0      0 
     7      0      0    180     -1      0      0    210 
     0      3      3    210    300    150     40    280 
   110    100      0     10      0     10      5    666 
     0     -1     10     99      0     10      0      0 
     0      0      8      0      0     -1     -1      0 
     0    210      0      3      3    210    180    150 
    40     80    110    100      0    -10      0     10 
    14    681      0     -1     10     99      0     10 
     0      0      0      0 

/home/gabi/Coding/SuperShootTheBullet2/Extracted/extractedUS/Dr2/data/us/bin/kokoro_09_011.dat
   300      9      0      0      0     -1     -1      0 
     0    210      0      3      3    210    180    160 
    30     90     90    100      0      0      0     11 
     5    666      0     -1     10     99      0     11 
     0      0      0      0      1      0      0     -1 
    -1      0      0    210      0      3      3    210 
   300    180     30    270    105    100      0      0 
     0     11      4    652      0     -1     10     99 
     0     11      0      0      0      0      2      0 
     0     -1     -1      0      0    210      0      0 
     0    210    120    130     20    180     80    100 
     0    -20      0     11      8    667      0     -1 
    10     99      0     11      0      0      0      0 
     3      0      0    180     -1      0      0    210 
     0      1      0    210    300    150     15    180 
    90    100      0     20      0     11     12    680 
     0     -1     10     99      0     11      0      0 
     0      0      4      0      0     -1     -1      0 
     0    210      0      3      3    210    220    170 
    25     90    115    100      1    -20     10     11 
    21    670      0     -1     10     99      0     11 
     0      0      0      0      5      0      0     -1 
    -1      0      0    210      0      3      3    210 
   300    170     45    270     90    100      0      0 
     0     11      3    661      0     -1     10     99 
     0     11      0      0      0      0      6      0 
     0    181     -1      0      0    210      0      3 
     3    210    160    180     60     90    130    100 
     0      0      0     11     19    668      0     -1 
    10     99      0     11      0      0      0      0 
     7      0      0     -1     -1      0      0    210 
     0      3      3    210    240      0     80    180 
   120     80      1      0      0     11     16    666 
     0     -1     10     99      0     11      0      0 
     0      0      8      0      0     -1     -1      0 
     0    210      0      3      3    210    240    160 
     0      0     80    110      0      0      0     11 
    14    681      0     -1     10     99      0     11 
     0      0      0      0 

/home/gabi/Coding/SuperShootTheBullet2/Extracted/extractedUS/Dr2/data/us/bin/kokoro_09_012.dat
   300      9      0      0      0     -1     -1      0 
     0    210      0      3      3    210    200    130 
    10    100     90    110      0      0      0     12 
     0    666      0     -1     10     99      0     12 
     0      0      0      0      1      0      0     -1 
    -1      0      0    210      0      3      3    210 
   280    150     10    270     90    110      0      0 
     0     12     10    652      0     -1     10     99 
     0     12      0      0      0      0      2      0 
     0     -1     -1      0      0    210      0      3 
     3    210    160    150     50     95    100    100 
     0      5      0     12     14    667      0     -1 
    10     99      0     12      0      0      0      0 
     3      0      0    181     -1      0      0    210 
     0      3      3    210    320    130     50    265 
   100    100      0     -5      0     12      9    680 
     0     -1     10     99      0     12      0      0 
     0      0      4      0      0     -1     -1      0 
     0    210      0      3      3    210    240    180 
    10      0     80    110      0      0      0     12 
     6    670      0     -1     10     99      0     12 
     0      0      0      0      5      0      0     -1 
    -1      0      0    210      0      3      3    210 
   360    150     50    270    110    100      0      0 
     0     12     13    661      0     -1     10     99 
     0     12      0      0      0      0      6      0 
     0     -1     -1      0      0    210      0      3 
     3    210    120    200     50     90    110    100 
     0      0      0     12     10    668      0     -1 
    10     99      0     12      0      0      0      0 
     7      0      0    181     -1      0      0    210 
     0      3      3    210    240    160      0    180 
    50    120      0     20    -10     12     16    666 
     0     -1     10     99      0     12      0      0 
     0      0      8      0      0     -1     -1      0 
     0    210      0      3      3    210    240    180 
    10      0     80    100      0      0      0     12 
    17    681      0     -1     10     99      0     12 
     0      0      0      0 

/home/gabi/Coding/SuperShootTheBullet2/Extracted/extractedUS/Dr2/data/us/bin/kokoro_09_013.dat
   300      9      0      0      0     -1     -1      0 
     0    210      0      3      3    210    180    160 
     5      0     50    110      0      0      0     13 
     1    666      0     -1     10     99      0     13 
     0      0      0      0      1      0      0     -1 
    -1      0      0    210      0      3      3    210 
   340    110      5    180     50    110      0      0 
     0     13      7    652      0     -1     10     99 
     0     13      0      0      0      0      2      0 
     0    180     -1      0      0    210      0      3 
     3    210    100    160     70     90    110    100 
     0      0      0     13     11    667      0     -1 
    10     99      0     13      0      0      0      0 
     3      0      0     -1     -1      0      0    210 
     0      3      3    210    280    140     15    260 
    95    100      0    -10      0     13     13    680 
     0     -1     10     99      0     13      0      0 
     0      0      4      0      0     -1     -1      0 
     0    210      0      3      3    210    190    170 
    20     90    115    100      1    -20     10     13 
     8    670      0     -1     10     99      0     13 
     0      0      0      0      5      0      0     -1 
    -1      0      0    210      0      3      3    210 
   280    160     45    290     80    100      1     20 
     0     13      2    661      0     -1     10     99 
     0     13      0      0      0      0      6      0 
     0     -1     -1      0      0    210      0      3 
     3    210    240    150      0      0     60    120 
     1     10     -5     13     14    668      0     -1 
    10     99      0     13      0      0      0      0 
     7      0      0    181     -1      0      0    210 
     0      3      3    210    240     50     50    180 
   110    100      1    -20     20     13      9    666 
     0     -1     10     99      0     13      0      0 
     0      0      8      0      0     -1     -1      0 
     0    210      0      3      3    210    240    170 
     0      0     60    130      0      0      0     13 
    12    681      0     -1     10     99      0     13 
     0      0      0      0 

/home/gabi/Coding/SuperShootTheBullet2/Extracted/extractedUS/Dr2/data/us/bin/kokoro_09_014.dat
   300      9      0      0      0     -1     -1      0 
     0    210      0      3      3    210     60    136 
    60     70    115    100      0    -20      0     14 
    17    666      0     -1     10     99      0     14 
     0      0      0      0      1      0      0     -1 
    -1      0      0    210      0      3      3    210 
   420    136     60    250    115    100      0    -20 
     0     14     11    652      0     -1     10     99 
     0     14      0      0      0      0      2      0 
     0     -1     -1      0      0    210      0      3 
     3    210    240    130      0      0     60    120 
     0      0      0     14      2    667      0     -1 
    10     99      0     14      0      0      0      0 
     3      0      0    181     -1      0      0    210 
     0      3      3    210    240    160      0      0 
    70    120      1      0      0     14      7    680 
     0     -1     10     99      0     14      0      0 
     0      0      4      0      0     -1     -1      0 
     0    210      0      3      3    210    130    170 
    50     90    115    100      1   -180     60     14 
    19    670      0     -1     10     99      0     14 
     0      0      0      0      5      0      0     -1 
    -1      0      0    210      0      3      3    210 
   250    170     45    290     90    100      0     20 
     0     14      3    661      0     -1     10     99 
     0     14      0      0      0      0      6      0 
     0     -1     -1      0      0    210      0      3 
     3    210    240    240     70      0    115    100 
     0      0      0     14      4    668      0     -1 
    10     99      0     14      0      0      0      0 
     7      0      0     -1     -1      0      0    210 
     0      3      3    210    300    180     40    270 
   100    100      0      0      0     14      2    666 
     0     -1     10     99      0     14      0      0 
     0      0      8      0      0    180     -1      0 
     0    210      0      3      3    210    200    160 
    30     90    100    100      0    -10      5     14 
    13    681      0     -1     10     99      0     14 
     0      0      0      0 

/home/gabi/Coding/SuperShootTheBullet2/Extracted/extractedUS/Dr2/data/us/bin/kokoro_09_015.dat
   300      9      0      0      0     -1     -1      0 
     0    210      0      3      3    210    120    130 
    70     90     90    100      0      0      0     15 
     1    666      0     -1     10     99      0     15 
     0      0      0      0      1      0      0     -1 
    -1      0      0    210      0      3      3    210 
   360    200     70    270    105    100      0      0 
     0     15      6    652      0     -1     10     99 
     0     15      0      0      0      0      2      0 
     0    180     -1      0      0    210      0      3 
     3    210    150    150     70     90    115    100 
     0      0      0     15      4    667      0     -1 
    10     99      0     15      0      0      0      0 
     3      0      0     -1     -1      0      0    210 
     0      3      3    210    240    170     15      0 
    95    100      0      0      0     15     10    680 
     0     -1     10     99      0     15      0      0 
     0      0      4      0      0     -1     -1      0 
     0    210      0      3      3    210    120     70 
    50    180    115    100      0    315      0     15 
     6    670      0     -1     10     99      1     15 
     0      0      0      0      5      0      0     -1 
    -1      0      0    210      0      3      3    210 
   360    200     50      0     90    100      0     45 
     0     15      9    661      0     -1     10     99 
     1     15      0      0      0      0      6      0 
     0    181     -1      0      0    210      0      3 
     3    210    240    130      5    180     60    120 
     0      0      0     15      2    668      0     -1 
    10     99      0     15      0      0      0      0 
     7      0      0     -1     -1      0      0    210 
     0      3      3    210    120    140     70     90 
    90    100      0      0      0     15      3    666 
     0     -1     10     99      0     15      0      0 
     0      0      8      0      0     -1     -1      0 
     0    210      0      3      3    210    360    170 
    70    270    100    100      0      0      0     15 
     8    681      0     -1     10     99      0     15 
     0      0      0      0 

