02 00 00 00 10 00 00 00 30 05 00 00 94 06 00 00 
TEXT_ENTRIES 0C 00 
70 16 01 00 1E 
70 21 00 03 02 
70 1A 08 00 00 00 
70 22 00 0C 
70 23 00 0C 
CHECK_FLAG 01 F4 
	70 24 04 01 
	70 1A 07 00 00 02 
	70 1A 08 00 00 0B 
	70 1A 04 00 00 2E 
	70 1A 12 00 00 00 
	LOAD_SCRIPT 00 38 00 01 00 02 
	70 0F 
	70 24 04 02 
	70 1A 07 00 00 02 
	70 1A 08 00 00 17 
	70 1A 04 00 00 08 
	LOAD_SCRIPT 00 39 00 04 00 02 
	70 0F 
	70 24 04 03 
	70 1A 07 00 00 02 
	70 1A 08 00 00 1E 
	70 1A 04 00 00 10 
	LOAD_SCRIPT 00 3A 00 00 00 02 
	70 0F 
	70 24 04 04 
	70 1A 07 00 00 02 
	70 1A 08 00 00 24 
	70 1A 04 00 00 2F 
	LOAD_SCRIPT 00 3A 00 02 00 02 
	70 0F 
	70 24 04 05 
	70 1A 07 00 00 02 
	70 1A 08 00 00 2B 
	70 1A 04 00 00 33 
	LOAD_SCRIPT 00 3B 00 64 00 02 
	70 0F 
	70 24 04 06 
	70 1A 07 00 00 02 
	70 1A 08 00 00 34 
	70 1A 04 00 00 33 
	LOAD_SCRIPT 00 3C 00 00 00 02 
	70 0F 
	70 24 04 07 
	70 1A 07 00 00 02 
	70 1A 08 00 00 3D 
	70 1A 04 00 00 41 
	LOAD_SCRIPT 00 3C 00 04 00 02 
	70 0F 
	70 24 04 08 
	70 1A 07 00 00 02 
	70 1A 08 00 00 3F 
	70 1A 04 00 00 44 
	LOAD_SCRIPT 00 3D 00 00 00 02 
	70 0F 
	70 24 04 09 
	70 1A 07 00 00 02 
	70 1A 08 00 00 4A 
	70 1A 04 00 00 49 
	70 1A 05 00 17 E9 
	LOAD_SCRIPT 00 3D 00 08 00 02 
	70 0F 
	70 24 04 0A 
	70 1A 07 00 00 02 
	70 1A 08 00 00 51 
	70 1A 04 00 00 47 
	70 1A 05 00 00 36 
	SET_FLAG 00 62 01 
	SET_FLAG 00 C9 01 
	SET_FLAG 00 CB 01 
	LOAD_SCRIPT 00 3D 00 00 00 02 
	70 0F 
	70 24 04 0B 
	70 1A 07 00 00 02 
	70 1A 08 00 00 55 
	70 1A 04 00 00 47 
	SET_FLAG 00 C9 01 
	SET_FLAG 00 CB 01 
	LOAD_SCRIPT 00 3F 00 01 00 02 
	70 0F 
	70 24 04 0C 
	70 30 00 06 00 01 00 01 00 00 
	70 1A 07 00 00 02 
	70 1A 08 00 00 55 
	70 1A 04 00 00 47 
	SET_FLAG 00 C9 01 
	SET_FLAG 00 CB 01 
	LOAD_SCRIPT 00 3E 00 00 00 02 
	70 0F 
	70 24 08 01 
	70 1A 16 00 00 00 
	70 1A 04 00 00 65 
	LOAD_SCRIPT 00 63 00 03 00 01 
	70 0F 
	70 24 08 02 
	70 1A 16 00 00 00 
	70 1A 04 00 00 65 
	LOAD_SCRIPT 00 63 00 04 00 01 
	70 0F 
	70 24 08 03 
	70 1A 07 00 00 03 
	70 1A 08 00 00 0C 
	70 1A 04 00 00 56 
	LOAD_SCRIPT 00 40 00 01 00 03 
	70 0F 
	70 24 08 04 
	70 1A 07 00 00 01 
	70 1A 08 00 00 4F 
	70 1A 04 00 00 18 
	SET_FLAG 01 B9 01 
	LOAD_SCRIPT 00 32 00 04 00 01 
	70 0F 
	70 24 08 05 
	70 1A 07 00 00 01 
	70 1A 08 00 00 26 
	70 1A 04 00 00 22 
	70 1A 05 00 13 F3 
	SET_FLAG 01 B9 01 
	LOAD_SCRIPT 00 33 00 03 00 01 
	70 0F 
	70 24 08 06 
	70 1A 07 00 00 01 
	70 1A 08 00 00 13 
	70 1A 04 00 00 18 
	LOAD_SCRIPT 00 32 00 0B 00 01 
	70 0F 
	70 24 08 07 
	70 1A 07 00 00 05 
	70 1A 08 00 00 0C 
	70 1A 04 00 00 93 
	LOAD_SCRIPT 00 51 00 02 00 05 
	70 0F 
	70 24 08 08 
	70 1A 07 00 00 05 
	70 1A 08 00 00 0C 
	70 1A 04 00 00 93 
	LOAD_SCRIPT 00 51 00 04 00 05 
	70 0F 
	70 24 08 09 
	70 1A 07 00 00 05 
	70 1A 08 00 00 0E 
	70 1A 04 00 00 9C 
	LOAD_SCRIPT 00 51 00 06 00 05 
	70 0F 
	70 24 08 0A 
	70 1A 07 00 00 05 
	70 1A 08 00 00 0E 
	70 1A 04 00 00 9C 
	LOAD_SCRIPT 00 51 00 08 00 05 
	70 0F 
	70 24 08 0B 
	70 1A 16 00 00 09 
	70 1A 07 00 00 04 
	70 1A 08 00 00 44 
	70 1A 05 00 00 36 
	70 1A 04 00 00 89 
	LOAD_SCRIPT 00 4C 01 F4 00 04 
	70 0F 
	70 24 08 0C 
	70 1A 07 00 00 04 
	70 1A 08 00 00 40 
	70 1A 05 00 00 34 
	70 1A 04 00 00 89 
	LOAD_SCRIPT 00 4C 01 90 00 04 
	70 0F 
	70 24 09 01 
	70 30 00 0A 00 02 00 01 00 00 
	CHECK_FLAG 01 F5 
		70 01 00 00 
	END_CHECK_FLAG 01 F5 
	70 11 
	70 24 09 02 
	70 30 00 0A 00 02 00 01 00 00 
	CHECK_FLAG 01 F6 
		70 01 00 01 
	END_CHECK_FLAG 01 F6 
	70 11 
	70 24 09 03 
	70 30 00 0A 00 02 00 01 00 00 
	CHECK_FLAG 01 F7 
		70 01 00 02 
	END_CHECK_FLAG 01 F7 
	70 11 
	70 24 09 04 
	70 30 00 0A 00 02 00 01 00 00 
	CHECK_FLAG 01 F8 
		70 01 00 03 
	END_CHECK_FLAG 01 F8 
	70 11 
	70 24 09 05 
	70 30 00 0A 00 02 00 01 00 00 
	CHECK_FLAG 01 F9 
		70 01 00 04 
	END_CHECK_FLAG 01 F9 
	70 11 
	70 24 09 06 
	70 30 00 0A 00 02 00 01 00 00 
	CHECK_FLAG 01 FA 
		70 01 00 05 
	END_CHECK_FLAG 01 FA 
	70 11 
	70 24 09 07 
	70 30 00 0A 00 02 00 01 00 00 
	CHECK_FLAG 01 FB 
		70 01 00 06 
	END_CHECK_FLAG 01 FB 
	70 11 
	70 24 09 08 
	70 30 00 0A 00 02 00 01 00 00 
	CHECK_FLAG 01 FC 
		70 01 00 07 
	END_CHECK_FLAG 01 FC 
	70 11 
	70 24 09 09 
	70 30 00 0A 00 02 00 01 00 00 
	CHECK_FLAG 01 FD 
		70 01 00 08 
	END_CHECK_FLAG 01 FD 
	70 11 
	70 24 09 0A 
	70 30 00 0A 00 02 00 01 00 00 
	CHECK_FLAG 01 FE 
		70 01 00 09 
	END_CHECK_FLAG 01 FE 
	70 11 
	70 24 09 0B 
	70 30 00 0A 00 02 00 01 00 00 
	CHECK_FLAG 01 FF 
		70 01 00 0A 
	END_CHECK_FLAG 01 FF 
	70 11 
	70 24 09 0C 
	70 30 00 0A 00 02 00 01 00 00 
	CHECK_FLAG 02 00 
		70 01 00 0B 
	END_CHECK_FLAG 02 00 
	70 11 
	70 24 02 01 
	70 1A 04 00 02 BE 
	LOAD_SCRIPT 00 63 00 07 00 01 
	70 0F 
	70 24 02 02 
	70 1A 04 00 02 BE 
	LOAD_SCRIPT 00 63 00 07 00 03 
	70 0F 
END_CHECK_FLAG 01 F4 
70 36 00 04 
CHECK_FLAG 02 01 
	70 37 02 BD 
	70 26 00 0C 00 01 00 01 
	70 11 
	70 37 02 BF 
	70 26 00 0C 00 01 00 02 
	70 11 
END_CHECK_FLAG 02 01 
70 16 00 00 1E 
STOP_SCRIPT

0C 00 00 00 38 00 00 00 50 00 00 00 68 00 00 00 82 00 00 00 A0 00 00 00 BA 00 00 00 CC 00 00 00 E2 00 00 00 FA 00 00 00 10 01 00 00 20 01 00 00 36 01 00 00 00 00 00 00 C6 30 B9 30 C8 30 DE 30 C3 30 D7 30 C5 75 62 96 4B 5C 0A 4E 0A 00 00 00 C6 30 B9 30 C8 30 DE 30 C3 30 D7 30 27 59 4B 6A 80 5F EF 8D 0A 00 00 00 13 FF E0 7A 55 5C 1B 67 F0 53 CA 58 8C 30 8B 30 C1 58 6E 30 4D 52 0A 00 00 00 11 FF E0 7A 4B 62 53 88 A4 5B 0D 4E 6F 82 C1 54 E2 30 CE 30 AF 30 DE 30 26 62 0A 00 00 00 11 FF E0 7A DB 30 C6 30 EB 30 C0 30 F3 30 B9 30 DB 30 FC 30 EB 30 0A 00 00 00 11 FF E0 7A C5 75 62 96 ED 30 D3 30 FC 30 0A 00 00 00 00 8A 50 5B E3 76 96 89 E8 90 4B 5C D1 30 BA 30 EB 30 0A 00 00 00 C7 86 2A 59 CE 90 E3 76 96 89 E8 90 4B 5C D1 30 BA 30 EB 30 0A 00 00 00 27 59 80 95 E3 76 96 89 E8 90 4B 5C D1 30 BA 30 EB 30 0A 00 00 00 B0 65 08 67 E3 76 96 89 E8 90 4B 5C 0A 00 00 00 14 FF E0 7A D8 79 C6 5B FA 57 30 57 14 6F AC 8A 8C 5F 0A 00 00 00 14 FF E0 7A 36 FF 33 FF B7 30 ED 30 AF 30 DE 30 26 62 0A 00 00 00 00 00 00 00 00 00 00 00 00 00 00 00 00 00 00 00 00 00 00 00 00 00 00 00